Date      Temp  Humi  Wind  Rain   UV     Weather
01/01/12  26.3  54.7   5.3  0.00  0.33    cold-windy
01/02/12  25.5  60.6   3.2  0.00  0.35    cold-overcast
01/03/12  47.7  38.8   7.4  0.00  0.34    mild-windy
01/04/12  43.6  46.2   1.1  0.00  0.38    mild-overcast
01/05/12  52.9  37.2   3.9  0.00  0.45    mild-overcast
01/06/12  37.9  37.9   7.7  0.00  0.37    mild-windy
01/07/12  29.6  47.4   1.9  0.00  0.00    cold-overcast
01/09/12  48.3  44.0   3.7  0.00  0.55    mild-sunny
01/10/12  43.8  51.5   7.8  0.00  0.40    mild-windy
01/11/12  18.5  55.0  14.8  0.00  0.34    cold-windy
01/12/12  24.4  44.2   7.5  0.00  0.31    cold-windy
01/13/12  33.3  49.3   8.7  0.00  0.37    mild-windy
01/14/12  34.5  39.0   3.9  0.00  0.37    mild-overcast
01/15/12  34.1  45.2   6.0  0.00  0.37    mild-windy
01/16/12  11.6  76.2   7.9  0.00  0.22    cold-windy
01/17/12  12.4  66.5   2.6  0.00  0.37    cold-overcast
01/18/12  12.9  53.4   9.9  0.00  0.33    cold-windy
01/19/12   3.9  69.5   6.9  0.00  0.39    cold-windy
01/20/12   8.5  70.4   7.1  0.00  0.38    cold-windy
01/21/12  34.7  64.7   4.6  0.00  0.31    mild-overcast
01/22/12  36.4  60.0  14.3  0.23  0.31    mild-rainy
01/23/12  30.4  51.4   2.1  0.00  0.48    mild-overcast
01/24/12  31.4  65.9   4.5  0.06  0.40    mild-overcast
01/25/12  34.4  59.1   4.7  0.04  0.41    mild-overcast
01/26/12  36.6  45.7   6.2  0.00  0.00    mild-windy
02/24/12  25.9  75.5   3.4  0.00  0.20    cold-overcast
02/25/12  34.3  60.4  11.5  0.01  0.83    mild-windy
02/26/12  24.7  62.7  10.8  0.01  0.54    cold-windy
02/27/12  23.9  64.1   8.6  0.00  0.72    cold-windy
02/28/12  18.9  80.6   7.6  0.00  0.38    cold-windy
02/29/12  31.8  60.3   5.0  0.00  0.86    mild-windy
03/01/12  35.1  45.4   5.7  0.00  0.81    mild-windy
03/02/12  28.0  48.3   9.0  0.00  0.69    cold-windy
03/03/12  34.4  54.4   5.8  0.00  0.79    mild-windy
03/04/12  39.4  62.7   9.8  0.02  0.92    mild-windy
03/05/12  49.5  39.2   3.8  0.00  1.20    mild-sunny
03/06/12  46.2  48.9   8.9  0.00  0.95    mild-windy
03/07/12  31.3  51.3  10.1  0.00  0.83    mild-windy
03/08/12  40.7  33.8   4.7  0.00  1.15    mild-sunny
03/09/12  49.1  33.4   3.1  0.00  1.21    mild-sunny
03/10/12  56.5  22.4   3.1  0.00  1.30    mild-sunny
03/11/12  52.6  39.4   3.7  0.00  1.29    mild-sunny
03/12/12  52.6  30.8   6.4  0.00  1.15    mild-windy
03/13/12  56.7  31.1   7.9  0.00  1.14    mild-windy
03/14/12  51.5  30.6   7.1  0.00  1.16    mild-windy
03/15/12  54.0  38.1   3.9  0.00  1.21    mild-sunny
03/16/12  60.3  34.5   5.8  0.00  1.30    hot-windy
03/17/12  62.3  33.6   5.5  0.00  1.41    hot-windy
03/18/12  63.1  26.7   6.9  0.00  1.27    hot-windy
03/19/12  50.6  31.2  12.5  0.00  1.29    mild-windy
03/20/12  43.7  39.8   5.9  0.00  1.06    mild-windy
03/21/12  50.5  27.8   3.1  0.00  1.47    mild-sunny
03/22/12  51.2  45.5   4.6  0.00  1.59    mild-sunny
03/23/12  55.3  62.9   5.7  0.00  1.51    mild-windy
03/24/12  51.0  49.3   7.3  0.00  1.56    mild-windy
03/25/12  44.5  69.1   7.6  0.00  1.50    mild-windy
03/26/12  50.1  71.3   9.1  0.04  1.00    mild-windy
03/27/12  53.6  45.4   6.4  0.00  1.27    mild-windy
03/28/12  56.3  36.1   4.8  0.00  1.52    mild-sunny
03/29/12  57.9  36.0   5.1  0.00  1.42    mild-windy
03/30/12  61.9  30.5   3.4  0.00  1.53    hot-sunny
03/31/12  67.9  28.7   6.5  0.00  2.08    hot-windy
04/01/12  69.9  26.7   7.8  0.00  1.95    hot-windy
04/02/12  46.8  46.7  15.6  0.00  0.56    mild-windy
04/03/12  46.1  35.3   4.5  0.00  1.64    mild-sunny
04/04/12  50.6  38.9   8.4  0.00  1.83    mild-windy
04/05/12  57.1  53.0  10.1  0.00  1.75    mild-windy
04/06/12  53.2  67.6  10.5  0.30  1.35    mild-rainy
04/07/12  44.1  39.4   5.3  0.00  1.52    mild-windy
04/08/12  47.5  32.5   4.6  0.00  1.78    mild-sunny
04/09/12  49.2  32.5   3.2  0.00  2.23    mild-sunny
04/10/12  42.1  41.6   4.7  0.00  1.69    mild-sunny
04/11/12  45.8  47.8  10.0  0.00  1.64    mild-windy
04/12/12  58.1  46.4  10.4  0.00  1.64    mild-windy
04/13/12  53.1  46.9   6.8  0.06  1.28    mild-windy
04/14/12  45.2  77.4   5.9  0.55  0.54    mild-rainy
04/15/12  42.8  75.1  14.1  0.59  0.98    mild-rainy
04/16/12  43.0  54.2   5.4  0.00  1.39    mild-windy
04/17/12  48.2  59.9   5.2  0.13  1.64    mild-rainy
04/18/12  49.9  59.6   6.0  0.03  1.31    mild-windy
04/19/12  46.0  73.2   7.0  0.00  1.01    mild-windy
04/20/12  51.1  51.0   3.7  0.00  1.91    mild-sunny
04/21/12  56.4  42.6   9.8  0.00  1.96    mild-windy
04/22/12  52.3  46.2   5.7  0.00  2.31    mild-windy
04/23/12  65.9  38.7   3.3  0.00  2.39    hot-sunny
04/24/12  75.1  28.7   4.2  0.00  2.22    hot-sunny
04/25/12  71.1  34.5   7.5  0.00  2.04    hot-windy
04/26/12  57.0  65.6   7.7  0.00  1.83    mild-windy
04/27/12  50.8  85.4  10.2  0.87  0.15    mild-rainy
04/28/12  45.4  58.7   4.1  0.00  1.24    mild-sunny
04/29/12  48.9  53.7   3.9  0.00  1.55    mild-sunny
04/30/12  57.6  41.4   4.6  0.00  2.11    mild-sunny
05/01/12  58.7  50.8   3.6  0.18  1.71    mild-rainy
05/02/12  59.1  55.6   5.9  0.05  1.82    mild-windy
05/03/12  57.8  56.6   5.0  0.00  1.57    mild-windy
05/04/12  62.5  60.4   2.2  0.03  2.03    hot-sunny
05/05/12  56.1  74.4   5.8  0.25  1.07    mild-rainy
05/06/12  53.9  38.0   7.5  0.00  2.39    mild-windy
05/07/12  52.5  35.4   7.5  0.00  2.10    mild-windy
05/08/12  51.9  39.8   6.6  0.00  2.27    mild-windy
05/09/12  58.7  47.7   4.5  0.00  2.36    mild-sunny
05/10/12  61.3  44.6   9.1  0.00  2.45    hot-windy
05/11/12  49.6  36.6   6.0  0.00  1.95    mild-windy
05/12/12  51.9  40.9   5.3  0.00  2.12    mild-windy
05/13/12  62.6  32.1   2.9  0.00  2.22    hot-sunny
05/14/12  72.1  22.0   5.7  0.00  2.41    hot-windy
05/15/12  65.1  28.3   4.2  0.00  2.39    hot-sunny
05/16/12  71.2  29.5   9.6  0.00  2.36    hot-windy
05/17/12  74.3  30.2   4.6  0.01  1.55    hot-sunny
05/18/12  66.1  54.6   6.0  0.26  1.39    hot-rainy
05/19/12  54.7  59.5  10.5  0.34  2.30    mild-rainy
05/20/12  57.4  48.0   6.2  0.00  2.39    mild-windy
05/21/12  68.7  47.7   4.8  0.00  2.46    hot-sunny
05/22/12  67.9  50.1   5.7  0.00  1.58    hot-windy
05/23/12  58.3  51.3   2.2  0.07  1.06    mild-sunny
05/24/12  49.8  70.0   5.3  0.39  0.83    mild-rainy
05/25/12  45.6  79.1   2.8  0.10  0.68    mild-rainy
05/26/12  47.9  90.5   3.2  0.30  0.77    mild-rainy
05/27/12  57.3  59.3   5.3  0.01  2.57    mild-windy
05/28/12  54.3  50.1   6.6  0.00  2.03    mild-windy
05/29/12  55.2  50.0   3.4  0.00  2.60    mild-sunny
05/30/12  52.1  64.4   6.6  0.01  1.42    mild-windy
05/31/12  54.5  68.7   3.3  0.00  2.24    mild-sunny
06/01/12  64.2  50.8   6.0  0.02  2.66    hot-windy
06/02/12  70.4  45.9   5.3  0.00  2.85    hot-windy
06/03/12  73.4  43.0   5.4  0.00  2.83    hot-windy
06/04/12  75.5  48.2   6.5  0.00  3.17    hot-windy
06/05/12  78.9  42.1  10.5  0.00  2.81    hot-windy
06/06/12  78.3  34.7   8.0  0.04  2.82    hot-windy
06/07/12  64.0  65.7   4.2  1.02  1.67    hot-rainy
06/08/12  69.8  63.5   5.8  0.01  3.00    hot-windy
06/09/12  70.8  50.6   8.9  0.50  3.15    hot-rainy
06/10/12  62.2  43.6   6.3  0.00  2.43    hot-windy
06/11/12  63.1  47.7   7.7  0.00  2.23    hot-windy
06/12/12  62.4  57.6   5.3  0.11  2.10    hot-rainy
06/13/12  71.0  47.9   6.3  0.00  2.84    hot-windy
06/14/12  70.7  37.0   5.7  0.00  2.86    hot-windy
06/15/12  69.9  50.0   4.7  0.15  2.42    hot-rainy
06/16/12  68.9  43.8   4.0  0.00  2.81    hot-sunny
06/17/12  75.7  42.4   2.6  0.00  2.74    hot-sunny
06/18/12  76.0  40.3   4.7  0.00  2.90    hot-sunny
06/19/12  67.2  56.1   7.1  0.23  2.86    hot-rainy
06/20/12  61.2  60.6   4.9  0.39  1.79    hot-rainy
06/21/12  67.6  45.8   5.0  0.00  3.15    hot-windy
06/22/12  73.0  49.6   4.8  0.01  2.91    hot-sunny
06/23/12  78.1  54.0   6.5  0.00  2.77    hot-windy
06/24/12  76.5  68.0   7.1  0.00  2.65    hot-windy
06/25/12  76.8  70.7   7.6  0.00  1.98    hot-windy
06/26/12  89.6  38.0   4.4  0.00  2.85    hot-sunny
06/27/12  76.7  30.1   6.6  0.00  2.11    hot-windy
06/28/12  76.9  39.0   3.5  0.00  2.55    hot-sunny
06/29/12  80.1  48.8   4.5  0.00  2.63    hot-sunny
06/30/12  79.3  53.9   5.0  0.00  2.13    hot-windy
07/01/12  80.8  46.4   4.4  0.00  2.10    hot-sunny
07/02/12  82.7  41.4   5.7  0.02  1.38    hot-windy
07/03/12  83.0  45.9   4.8  0.00  2.11    hot-sunny
07/04/12  80.9  29.4   7.1  0.00  2.41    hot-windy
07/05/12  76.7  51.1   6.0  0.34  2.28    hot-rainy
07/06/12  67.2  76.9   8.0  0.06  2.20    hot-windy
07/07/12  64.8  79.2   2.1  0.00  1.12    hot-sunny
07/08/12  71.0  65.4   2.2  0.00  2.51    hot-sunny
07/09/12  75.3  49.7   3.3  0.00  3.05    hot-sunny
07/10/12  78.2  40.7   4.5  0.00  2.71    hot-sunny
07/11/12  83.4  35.2   4.8  0.00  2.58    hot-sunny
07/12/12  80.7  39.0   3.4  0.00  2.06    hot-sunny
07/13/12  83.5  35.7   3.0  0.00  2.68    hot-sunny
07/14/12  84.9  34.6   6.3  0.00  2.59    hot-windy
07/15/12  88.1  31.2   6.3  0.00  2.37    hot-windy
07/16/12  87.3  36.1   5.3  0.14  2.81    hot-rainy
07/17/12  75.5  64.7   3.9  0.34  1.68    hot-rainy
07/18/12  79.6  54.4   3.7  0.00  2.99    hot-sunny
07/19/12  87.6  34.5   3.8  0.00  2.81    hot-sunny
07/20/12  84.9  39.6   3.9  0.00  2.08    hot-sunny
07/21/12  78.6  59.3   3.6  0.10  2.16    hot-rainy
07/22/12  84.9  39.2   2.8  0.00  2.27    hot-sunny
07/23/12  83.2  45.0   3.5  0.00  2.55    hot-sunny
07/24/12  79.1  59.1   4.5  0.38  2.53    hot-rainy
07/25/12  73.0  60.5   4.6  0.05  1.36    hot-sunny
07/26/12  74.7  44.6   5.6  0.00  2.72    hot-windy
07/27/12  72.7  55.0   6.5  0.15  2.38    hot-rainy
07/28/12  78.9  47.5   2.4  0.00  2.84    hot-sunny
07/29/12  80.8  41.7   4.1  0.04  1.80    hot-sunny
07/30/12  79.4  40.5   4.0  0.00  2.45    hot-sunny
07/31/12  81.1  41.0   3.7  0.00  2.33    hot-sunny
08/01/12  79.5  42.2   3.3  0.00  1.87    hot-sunny
08/02/12  74.7  48.3   4.5  0.06  2.12    hot-sunny
08/03/12  67.7  56.6   8.7  0.00  2.37    hot-windy
08/04/12  66.4  44.2   6.1  0.00  2.37    hot-windy
08/05/12  74.4  42.6   5.1  0.00  2.58    hot-windy
08/06/12  82.4  31.4   2.1  0.00  2.45    hot-sunny
08/07/12  81.5  35.3   3.6  0.00  2.28    hot-sunny
08/08/12  77.9  35.3   6.0  0.00  2.69    hot-windy
08/09/12  73.8  46.8   4.6  0.00  1.78    hot-sunny
08/10/12  74.8  46.1   6.0  0.02  1.66    hot-windy
08/11/12  67.8  72.7   5.4  0.39  1.47    hot-rainy
08/12/12  70.7  55.1   6.2  0.00  2.30    hot-windy
08/13/12  71.0  50.5   6.0  0.00  1.83    hot-windy
08/14/12  74.1  48.8   2.3  0.00  2.25    hot-sunny
08/15/12  66.8  52.3   9.3  0.00  0.90    hot-windy
08/16/12  62.6  49.8   3.3  0.00  2.30    hot-sunny
08/17/12  68.3  43.6   2.7  0.00  2.19    hot-sunny
08/18/12  69.1  31.4   5.0  0.00  2.24    hot-windy
08/19/12  70.0  34.6   2.7  0.00  2.28    hot-sunny
08/20/12  68.8  39.4   2.1  0.00  1.50    hot-sunny
08/21/12  73.2  37.2   1.8  0.00  2.14    hot-sunny
08/22/12  75.6  39.2   1.9  0.00  1.55    hot-sunny
08/23/12  78.4  33.7   4.1  0.00  1.48    hot-sunny
08/24/12  80.5  32.8   5.4  0.00  1.83    hot-windy
08/25/12  68.6  28.9   7.1  0.00  1.82    hot-windy
08/26/12  71.5  36.6   2.5  0.00  1.62    hot-sunny
08/27/12  78.6  39.7   4.0  0.00  1.89    hot-sunny
08/28/12  83.6  32.0   2.1  0.00  1.93    hot-sunny
08/29/12  84.8  31.7   2.9  0.00  1.88    hot-sunny
08/30/12  76.8  28.7   5.9  0.00  1.86    hot-windy
08/31/12  74.2  37.3   3.8  0.00  1.49    hot-sunny
09/01/12  86.5  25.3   6.9  0.00  1.97    hot-windy
09/02/12  79.3  31.0   5.0  0.00  1.83    hot-windy
09/03/12  75.2  28.9   4.1  0.00  1.71    hot-sunny
09/04/12  73.4  24.1   6.6  0.00  1.67    hot-windy
09/05/12  64.5  35.7   3.8  0.00  1.60    hot-sunny
09/06/12  65.6  37.6   5.6  0.02  1.40    hot-windy
09/07/12  62.9  45.2   5.5  0.00  1.65    hot-windy
09/08/12  67.7  33.6   5.7  0.00  1.83    hot-windy
09/09/12  70.8  32.6   6.7  0.00  1.77    hot-windy
09/10/12  79.9  25.8   3.2  0.00  1.40    hot-sunny
09/11/12  69.9  27.6   8.0  0.00  1.45    hot-windy
09/12/12  61.1  28.4   2.3  0.00  1.41    hot-sunny
09/13/12  63.4  32.8   2.7  0.00  1.56    hot-sunny
09/14/12  65.6  29.0   4.9  0.00  1.63    hot-sunny
09/15/12  70.5  29.0   1.4  0.00  1.19    hot-sunny
09/16/12  61.1  38.5   5.7  0.00  1.15    hot-windy
09/17/12  56.1  46.0   3.1  0.00  1.21    mild-sunny
09/18/12  64.3  34.4   4.5  0.00  1.55    hot-sunny
09/19/12  64.8  29.3   8.2  0.00  1.45    hot-windy
09/20/12  62.8  33.0   3.8  0.00  1.37    hot-sunny
09/21/12  62.6  37.3   7.0  0.00  1.50    hot-windy
09/22/12  54.5  42.2   2.8  0.00  1.42    mild-sunny
09/23/12  54.5  42.1   1.9  0.00  1.14    mild-sunny
09/24/12  60.9  39.3   0.9  0.00  1.02    hot-sunny
09/25/12  65.3  30.3   3.2  0.00  1.20    hot-sunny
09/26/12  64.0  37.6   3.7  0.00  1.25    hot-sunny
09/27/12  63.9  40.6   3.7  0.00  1.12    hot-sunny
09/28/12  61.7  49.2   5.1  0.00  1.24    hot-windy
09/29/12  66.6  47.5   5.5  0.00  1.23    hot-windy
09/30/12  68.3  38.6   3.7  0.00  0.96    hot-sunny
10/01/12  57.0  51.1   5.3  0.00  1.26    mild-windy
10/02/12  63.5  36.0   4.1  0.00  1.21    hot-sunny
10/03/12  47.4  59.3  10.0  0.00  0.63    mild-windy
10/04/12  39.5  59.2   7.4  0.00  0.90    mild-windy
10/05/12  37.5  57.1   2.7  0.00  0.63    mild-sunny
10/06/12  35.4  55.0   3.6  0.00  0.90    mild-sunny
10/07/12  46.3  42.0   3.3  0.00  1.07    mild-sunny
10/08/12  52.1  50.3   6.9  0.00  0.50    mild-windy
10/09/12  41.0  59.8   7.7  0.00  0.78    mild-windy
10/10/12  50.7  47.1   2.2  0.00  1.07    mild-sunny
10/11/12  40.9  65.0   5.6  0.00  0.64    mild-windy
10/12/12  53.0  45.8   7.8  0.00  1.01    mild-windy
10/13/12  61.3  39.4   6.8  0.00  0.99    hot-windy
10/14/12  58.7  42.0   4.8  0.00  0.93    mild-sunny
10/15/12  59.7  39.5   3.0  0.00  0.89    mild-sunny
10/16/12  58.5  50.3   4.4  0.27  0.59    mild-rainy
10/17/12  47.0  39.2  17.0  0.01  0.66    mild-windy
10/18/12  45.4  33.4  22.0  0.00  0.85    mild-windy
10/19/12  47.1  35.7   3.4  0.00  0.81    mild-sunny
10/20/12  62.0  32.6   5.0  0.00  0.93    hot-windy
10/21/12  50.6  54.5   6.5  0.00  0.76    mild-windy
10/22/12  44.0  73.2   7.6  0.01  0.48    mild-windy
10/23/12  45.0  77.8   6.5  0.02  0.67    mild-windy
10/24/12  36.0  84.8   6.7  0.26  0.33    mild-rainy
10/25/12  28.4  78.1   6.8  0.00  0.40    cold-windy
10/26/12  28.9  73.3   3.8  0.00  0.61    cold-sunny
10/27/12  33.8  66.5   2.3  0.00  0.61    mild-sunny
10/28/12  38.5  64.9   3.6  0.00  0.62    mild-sunny
10/29/12  52.4  56.2   2.2  0.00  0.67    mild-sunny
10/30/12  55.0  51.2   1.9  0.00  0.63    mild-sunny
10/31/12  56.4  45.4   4.4  0.00  0.72    mild-sunny
11/01/12  37.5  85.4   4.7  0.00  0.06    mild-humid
11/02/12  42.9  76.7   3.4  0.00  0.26    mild-overcast
11/03/12  40.8  70.7   2.5  0.00  0.64    mild-sunny
11/04/12  44.5  65.4   7.4  0.02  0.49    mild-windy
11/05/12  45.2  66.9   4.5  0.00  0.50    mild-sunny
11/06/12  46.2  52.0   3.9  0.00  0.67    mild-sunny
11/07/12  49.3  49.4   2.9  0.00  0.69    mild-sunny
11/08/12  43.0  58.4   7.6  0.00  0.61    mild-windy
11/09/12  31.4  90.6   9.4  0.00  0.01    mild-windy
11/10/12  24.7  85.8   8.7  0.01  0.18    cold-windy
11/11/12  19.5  60.6   5.9  0.00  0.43    cold-windy
11/12/12  28.2  56.9   2.5  0.00  0.54    cold-sunny
11/13/12  36.9  59.7   1.6  0.00  0.44    mild-overcast
11/14/12  39.2  57.3   2.3  0.00  0.43    mild-overcast
11/15/12  37.2  63.6   4.7  0.00  0.50    mild-sunny
11/16/12  43.2  57.1   3.7  0.00  0.49    mild-overcast
11/17/12  47.5  45.8   1.7  0.00  0.52    mild-sunny
11/18/12  47.9  52.8   3.5  0.00  0.48    mild-overcast
11/19/12  42.8  51.6   3.5  0.00  0.46    mild-overcast
11/20/12  46.2  54.3   1.2  0.00  0.50    mild-sunny
11/21/12  54.3  40.9   5.5  0.00  0.35    mild-windy
11/22/12  38.2  54.7  11.3  0.00  0.38    mild-windy
11/23/12  25.9  63.5   3.7  0.00  0.44    cold-overcast
11/24/12  42.4  51.6   4.5  0.00  0.40    mild-overcast
11/25/12  32.9  84.0   3.1  0.05  0.19    mild-humid
11/26/12  23.4  89.5   2.3  0.00  0.20    cold-humid
11/27/12  29.4  68.6   1.9  0.06  0.48    cold-overcast
11/28/12  31.6  71.1   0.6  0.01  0.37    mild-overcast
11/29/12  34.2  66.6   3.1  0.00  0.43    mild-overcast
11/30/12  46.4  56.9   5.6  0.00  0.41    mild-windy
12/01/12  50.1  51.1   2.7  0.00  0.41    mild-overcast
12/02/12  53.7  41.0   8.1  0.00  0.34    mild-windy
12/03/12  46.7  36.9   8.4  0.00  0.41    mild-windy
12/04/12  40.6  41.2   4.2  0.00  0.41    mild-overcast
12/05/12  45.2  55.8   2.5  0.00  0.35    mild-overcast
12/06/12  38.0  48.0   5.8  0.00  0.25    mild-windy
12/07/12  28.3  85.9   2.3  0.03  0.25    cold-humid
12/08/12  27.1  68.9   8.0  0.01  0.26    cold-windy
12/09/12   8.8  61.8  10.0  0.00  0.31    cold-windy
12/10/12  22.4  63.0   4.6  0.00  0.30    cold-overcast
12/11/12  33.1  50.4   3.7  0.00  0.32    mild-overcast
12/12/12  41.8  46.7   4.2  0.00  0.32    mild-overcast
12/13/12  30.1  71.6   4.2  0.00  0.32    mild-overcast
12/14/12  33.0  63.0   1.3  0.00  0.31    mild-overcast
12/15/12  32.2  53.5   4.5  0.00  0.27    mild-overcast
12/16/12  28.8  64.1   4.5  0.00  0.27    cold-overcast
12/17/12  29.6  61.2   2.5  0.00  0.25    cold-overcast
12/18/12  35.1  39.8   5.0  0.00  0.31    mild-windy
12/19/12  27.0  41.8   5.3  0.00  0.25    cold-windy
12/20/12  28.5  39.5   1.8  0.00  0.31    cold-overcast
12/21/12  34.4  40.7   2.0  0.00  0.33    mild-overcast
12/22/12  27.5  52.8   4.2  0.00  0.31    cold-overcast
12/23/12  13.4  81.4   4.2  0.00  0.23    cold-humid
12/24/12   8.4  80.9   2.8  0.00  0.17    cold-humid
12/25/12   3.7  79.0   2.7  0.00  0.19    cold-overcast
12/26/12   6.4  80.1   3.0  0.00  0.28    cold-humid
12/27/12   9.3  79.6   4.6  0.00  0.25    cold-overcast
12/28/12  15.5  71.0   1.8  0.01  0.31    cold-overcast
12/29/12  21.7  70.1   3.1  0.01  0.34    cold-overcast
12/30/12  23.0  68.0   4.7  0.00  0.34    cold-overcast
