Date      Temp  Humi  Wind  Rain   UV     Weather
01/01/11   9.2  61.4   4.2  0.00  0.32    cold-overcast
01/02/11  20.4  65.4   2.1  0.00  0.32    cold-overcast
01/03/11  17.7  70.4   4.1  0.00  0.34    cold-overcast
01/04/11  20.5  65.6   1.8  0.00  0.32    cold-overcast
01/05/11  32.6  61.2   5.4  0.00  0.31    mild-windy
01/06/11  42.8  55.0   7.9  0.03  0.38    mild-windy
01/07/11  30.1  61.1  10.2  0.00  0.40    mild-windy
01/08/11  20.8  85.9   8.5  0.00  0.27    cold-windy
01/09/11  11.2  77.0  10.1  0.00  0.33    cold-windy
01/10/11   4.9  66.4   5.5  0.00  0.34    cold-windy
01/11/11   2.9  65.7   4.9  0.00  0.37    cold-overcast
01/12/11   4.1  71.2   5.0  0.00  0.38    cold-windy
01/13/11  33.9  65.1   2.4  0.00  0.39    mild-overcast
01/14/11  28.8  73.6   4.2  0.00  0.33    cold-overcast
01/15/11  13.5  80.2   4.8  0.00  0.24    cold-humid
01/16/11  26.9  81.0   2.0  0.01  0.22    cold-humid
01/17/11  29.7  79.3   7.3  0.02  0.19    cold-windy
01/18/11  11.7  83.5   4.1  0.00  0.19    cold-humid
01/19/11  15.5  72.6   1.9  0.06  0.33    cold-overcast
01/20/11  14.5  77.7   4.1  0.00  0.43    cold-overcast
01/21/11  33.3  63.4   7.8  0.01  0.41    mild-windy
01/22/11  21.3  82.1   4.3  0.08  0.25    cold-humid
01/23/11  23.4  72.4   5.5  0.02  0.40    cold-windy
01/24/11  32.2  58.0   9.9  0.00  0.44    mild-windy
01/25/11  32.1  68.5   5.1  0.00  0.37    mild-windy
01/26/11  38.5  61.0   2.8  0.00  0.48    mild-overcast
01/27/11  47.6  45.3   5.5  0.00  0.51    mild-windy
01/28/11  46.2  43.2   5.6  0.00  0.56    mild-windy
01/29/11  26.5  86.6   4.5  0.00  0.10    cold-humid
01/30/11  12.0  87.0   2.8  0.00  0.14    cold-humid
01/31/11  -3.4  78.8   9.0  0.00  0.59    cold-windy
02/01/11  -6.4  70.1   6.8  0.00  0.52    cold-windy
02/02/11   1.1  77.0   2.2  0.00  0.55    cold-sunny
02/03/11  29.2  68.5   3.3  0.00  0.53    cold-sunny
02/04/11  40.5  59.9   4.3  0.01  0.44    mild-overcast
02/05/11  38.0  69.4  13.3  0.02  0.41    mild-windy
02/06/11  25.8  78.8  12.3  0.00  0.43    cold-windy
02/07/11  11.1  84.1   4.7  0.00  0.37    cold-humid
02/08/11   0.0  73.9   3.2  0.00  0.62    cold-sunny
02/09/11   9.2  62.9   3.1  0.00  0.60    cold-sunny
02/10/11  29.1  50.7   5.5  0.02  0.55    cold-windy
02/11/11  37.7  53.5   6.1  0.00  0.63    mild-windy
02/12/11  49.2  33.6   5.9  0.00  0.65    mild-windy
02/13/11  50.7  29.2  11.2  0.00  0.77    mild-windy
02/14/11  44.6  43.6   6.4  0.00  0.74    mild-windy
02/15/11  54.6  26.4   4.9  0.00  0.75    mild-sunny
02/16/11  52.0  31.2   5.3  0.00  0.65    mild-windy
02/17/11  41.0  40.4   8.7  0.00  0.67    mild-windy
02/18/11  29.4  59.1   4.1  0.00  0.58    cold-sunny
02/19/11  15.7  82.0   3.9  0.00  0.38    cold-humid
02/20/11   3.2  81.3   9.3  0.00  0.49    cold-windy
02/21/11   3.1  76.4   4.1  0.00  0.85    cold-sunny
02/22/11  21.4  68.1   1.5  0.14  0.88    cold-rainy
02/23/11  21.1  73.7   6.6  0.00  0.75    cold-windy
02/24/11   1.5  79.3   6.2  0.00  0.73    cold-windy
02/25/11  -3.8  78.0   4.6  0.00  0.66    cold-sunny
02/26/11   2.1  78.9   4.5  0.00  0.69    cold-sunny
02/27/11  18.4  73.9   3.1  0.08  0.78    cold-sunny
02/28/11  27.0  60.5   2.9  0.02  0.82    cold-sunny
03/01/11  16.6  64.8   7.2  0.01  1.05    cold-windy
03/02/11   2.1  79.7   5.2  0.00  0.77    cold-windy
03/03/11  25.7  66.0   2.7  0.00  0.81    cold-sunny
03/04/11  18.8  82.3   4.2  0.08  0.56    cold-humid
03/05/11  18.9  88.1   5.3  0.00  0.47    cold-windy
03/06/11  15.9  88.1   6.4  0.00  0.49    cold-windy
03/07/11   5.7  83.7   7.6  0.00  0.73    cold-windy
03/08/11  12.3  84.3   2.9  0.07  0.41    cold-humid
03/09/11  28.9  69.9   3.3  0.04  1.06    cold-sunny
03/10/11  39.2  60.1   4.8  0.00  1.16    mild-sunny
03/11/11  45.7  43.3  12.1  0.00  0.92    mild-windy
03/12/11  33.8  64.8   2.9  0.00  0.91    mild-sunny
03/13/11  36.3  72.6   5.1  0.00  0.99    mild-windy
03/14/11  43.6  58.9   4.2  0.00  1.00    mild-sunny
03/15/11  47.0  48.0   4.6  0.00  1.06    mild-sunny
03/16/11  51.9  50.5   5.1  0.00  0.80    mild-windy
03/17/11  45.3  52.1   5.6  0.03  0.93    mild-windy
03/18/11  43.8  44.9   4.8  0.00  1.08    mild-sunny
03/19/11  48.4  47.3   7.0  0.00  0.87    mild-windy
03/20/11  49.8  35.2   4.8  0.00  1.06    mild-sunny
03/21/11  45.3  57.4   7.2  0.00  0.61    mild-windy
03/22/11  38.7  77.7   6.5  0.02  0.85    mild-windy
03/23/11  31.2  72.0  10.6  0.00  0.80    mild-windy
03/24/11  31.8  71.0   8.1  0.00  0.85    mild-windy
03/25/11  29.7  84.6   5.3  0.00  0.27    cold-windy
03/26/11  28.9  92.6   3.8  0.00  0.28    cold-humid
03/27/11  30.1  93.7   0.0  0.00  0.67    mild-humid
03/28/11  30.5  90.5   7.8  0.10  0.85    mild-rainy
03/29/11  31.8  80.2   5.5  0.00  1.00    mild-windy
03/30/11  37.6  74.2   3.1  0.05  0.98    mild-sunny
03/31/11  44.3  67.8   6.0  0.10  0.78    mild-rainy
04/01/11  45.6  66.8   4.8  0.01  1.21    mild-sunny
04/02/11  56.7  48.2   7.5  0.00  1.13    mild-windy
04/03/11  40.1  58.6  15.8  0.02  0.88    mild-windy
04/04/11  39.2  43.3   6.5  0.00  1.21    mild-windy
04/05/11  47.0  45.2   6.3  0.00  1.46    mild-windy
04/06/11  47.2  47.0   4.4  0.00  1.29    mild-sunny
04/07/11  53.9  46.9   8.7  0.00  1.47    mild-windy
04/08/11  51.2  69.1   6.5  0.18  1.21    mild-rainy
04/09/11  41.1  86.5   5.9  0.09  0.40    mild-windy
04/10/11  46.6  64.9   9.3  0.01  0.99    mild-windy
04/11/11  52.7  43.9   4.0  0.00  1.91    mild-sunny
04/12/11  50.3  45.8   8.3  0.00  1.64    mild-windy
04/13/11  43.8  63.3   7.6  0.19  1.27    mild-rainy
04/14/11  30.5  82.8   6.8  0.07  0.41    mild-windy
04/15/11  31.2  86.1  10.7  0.00  0.07    mild-windy
04/18/11  31.7  91.9   7.1  0.03  0.24    mild-windy
04/19/11  32.0  84.9   7.8  0.01  0.69    mild-windy
04/20/11  37.8  61.3   4.8  0.00  1.77    mild-sunny
04/21/11  49.8  67.5   7.8  0.77  1.63    mild-rainy
04/22/11  42.5  65.8  10.1  0.06  1.26    mild-windy
04/23/11  42.7  53.1   6.4  0.01  1.82    mild-windy
04/24/11  45.5  56.7   6.0  0.00  2.01    mild-windy
04/25/11  47.0  61.9   3.5  0.00  1.83    mild-sunny
04/26/11  43.8  71.1   4.7  0.00  1.15    mild-sunny
04/27/11  43.7  75.9   4.9  0.25  1.26    mild-rainy
04/28/11  55.4  37.6   5.9  0.00  2.13    mild-windy
04/29/11  43.3  55.6   9.7  0.00  1.21    mild-windy
04/30/11  41.1  45.9  16.2  0.00  1.53    mild-windy
05/01/11  43.4  54.9   9.1  0.01  1.56    mild-windy
05/02/11  44.2  49.7   4.2  0.00  1.67    mild-sunny
05/03/11  52.0  43.5   7.4  0.00  2.05    mild-windy
05/04/11  51.9  45.7   9.9  0.00  1.91    mild-windy
05/05/11  53.3  39.3   4.5  0.00  2.39    mild-sunny
05/06/11  57.1  38.7   8.1  0.00  1.83    mild-windy
05/07/11  60.0  42.0   5.0  0.00  1.96    hot-windy
05/08/11  62.8  49.6   4.2  0.00  2.31    hot-sunny
05/09/11  57.8  76.4   8.2  0.06  0.85    mild-windy
05/10/11  57.2  55.1   7.0  0.00  2.79    mild-windy
05/11/11  46.5  72.9   9.0  0.16  0.91    mild-rainy
05/12/11  45.1  81.5   9.0  0.32  0.90    mild-rainy
05/13/11  46.1  68.5   9.9  0.00  2.19    mild-windy
05/14/11  38.9  78.0  10.1  0.02  0.84    mild-windy
05/15/11  46.4  63.4   5.8  0.00  2.60    mild-windy
05/16/11  52.9  55.8  10.7  0.00  2.60    mild-windy
05/17/11  53.7  61.8   7.0  0.01  1.06    mild-windy
05/18/11  50.2  83.6   7.5  0.36  0.79    mild-rainy
05/19/11  45.8  87.9   4.7  1.85  0.07    mild-rainy
05/20/11  55.6  70.7   5.4  0.52  2.27    mild-rainy
05/21/11  52.7  75.0   4.6  0.56  1.15    mild-rainy
05/22/11  54.8  78.1   4.6  0.07  1.28    mild-sunny
05/23/11  59.7  72.5   3.2  0.02  2.20    mild-sunny
05/24/11  51.6  92.7   4.9  1.65  0.40    mild-rainy
05/25/11  50.6  72.9   5.4  0.00  2.58    mild-windy
05/26/11  53.7  67.1   8.5  0.07  1.80    mild-windy
05/27/11  54.5  54.3   3.5  0.00  1.75    mild-sunny
05/28/11  54.8  50.0   3.1  0.00  2.19    mild-sunny
05/29/11  47.9  89.3   3.8  1.72  0.46    mild-rainy
05/30/11  53.8  72.6   4.4  0.53  1.61    mild-rainy
05/31/11  57.2  49.0   5.7  0.00  2.85    mild-windy
06/01/11  57.5  67.6   6.2  0.00  2.85    mild-windy
06/02/11  71.9  58.3   7.3  0.00  3.21    hot-windy
06/03/11  67.8  27.1   6.3  0.00  3.10    hot-windy
06/04/11  61.8  51.2   4.8  0.00  2.95    hot-sunny
06/05/11  71.0  59.5   4.1  0.00  2.91    hot-sunny
06/06/11  73.0  59.1   3.1  0.08  3.06    hot-sunny
06/07/11  72.5  34.9   7.2  0.00  2.99    hot-windy
06/08/11  52.0  65.8   7.3  0.00  1.27    mild-windy
06/09/11  50.3  83.4   4.6  0.54  0.59    mild-rainy
06/10/11  53.9  78.8   6.1  0.04  2.10    mild-windy
06/11/11  57.5  79.1   6.1  0.33  2.17    mild-rainy
06/12/11  66.0  64.7   4.6  0.00  2.62    hot-sunny
06/13/11  66.9  58.6   4.1  0.08  2.83    hot-sunny
06/14/11  63.2  63.6   7.3  0.01  2.00    hot-windy
06/15/11  65.2  49.8   4.9  0.00  3.05    hot-sunny
06/16/11  61.2  69.9   3.5  0.01  2.23    hot-sunny
06/17/11  62.9  55.9   4.0  0.01  2.89    hot-sunny
06/18/11  65.0  56.8   3.6  0.00  2.57    hot-sunny
06/19/11  62.0  71.8   4.6  0.13  1.57    hot-rainy
06/20/11  59.5  82.2   7.6  0.03  1.02    mild-windy
06/21/11  60.6  75.5   9.0  0.28  1.99    hot-rainy
06/22/11  64.6  63.8   6.1  0.00  3.16    hot-windy
06/23/11  65.6  65.0   6.2  0.00  2.94    hot-windy
06/24/11  68.6  67.1   4.1  1.17  2.92    hot-rainy
06/25/11  68.6  68.9   4.0  1.30  2.93    hot-rainy
06/26/11  64.9  77.0   6.1  0.12  1.92    hot-rainy
06/27/11  62.1  58.7   3.8  0.00  2.82    hot-sunny
06/28/11  70.9  62.7   6.7  0.00  3.01    hot-windy
06/29/11  84.7  46.2   5.9  0.00  3.03    hot-windy
06/30/11  79.4  48.5   5.3  0.06  2.61    hot-windy
07/01/11  66.1  77.8   2.9  0.26  1.52    hot-rainy
07/02/11  68.2  73.2   4.5  0.00  2.66    hot-sunny
07/03/11  74.7  63.1   3.1  0.00  3.38    hot-sunny
07/04/11  78.7  57.8   4.6  0.00  2.81    hot-sunny
07/05/11  71.5  72.5   3.3  0.00  1.52    hot-sunny
07/06/11  71.1  72.5   4.4  0.02  2.25    hot-sunny
07/07/11  73.8  60.7   1.7  0.00  2.34    hot-sunny
07/08/11  76.8  64.6   4.9  0.00  2.82    hot-sunny
07/09/11  73.4  53.8   4.2  0.04  3.28    hot-sunny
07/10/11  75.0  60.1   3.6  0.00  3.01    hot-sunny
07/11/11  69.5  61.2   3.4  0.03  2.05    hot-sunny
07/12/11  65.1  76.5   4.8  0.01  1.38    hot-sunny
07/13/11  68.1  84.1   7.8  0.06  1.91    hot-windy
07/14/11  80.3  57.4   4.0  0.00  3.25    hot-sunny
07/15/11  78.8  56.1   4.8  0.00  3.23    hot-sunny
07/16/11  83.9  50.6   3.9  0.00  3.20    hot-sunny
07/17/11  87.1  41.5   3.3  0.00  2.73    hot-sunny
07/18/11  87.0  48.1   2.6  0.00  2.88    hot-sunny
07/19/11  89.4  41.5   3.6  0.00  2.88    hot-sunny
07/20/11  80.2  34.7   6.7  0.00  3.08    hot-windy
07/21/11  75.2  47.8   2.2  0.00  2.94    hot-sunny
07/22/11  79.6  49.9   2.8  0.00  2.97    hot-sunny
07/23/11  71.9  62.3   6.3  0.00  2.52    hot-windy
07/24/11  76.6  59.8   4.2  0.00  2.84    hot-sunny
07/25/11  77.1  61.8   2.9  0.17  2.05    hot-rainy
07/26/11  74.3  58.8   4.1  0.00  1.29    hot-sunny
07/27/11  74.8  57.4   3.4  0.29  2.63    hot-rainy
07/28/11  71.5  70.1   3.2  0.02  2.30    hot-sunny
07/29/11  75.7  61.8   4.5  0.00  2.68    hot-sunny
07/30/11  79.9  49.2   2.7  0.00  2.65    hot-sunny
07/31/11  83.3  50.3   4.7  0.09  2.53    hot-sunny
08/01/11  81.9  54.6   5.5  0.06  2.65    hot-windy
08/02/11  76.6  49.4   4.3  0.00  2.87    hot-sunny
08/03/11  72.4  63.0   6.3  0.20  2.41    hot-rainy
08/04/11  73.9  65.3   2.3  0.00  2.56    hot-sunny
08/05/11  74.5  64.1   5.4  0.00  2.58    hot-windy
08/06/11  70.4  63.2   3.2  0.08  2.51    hot-sunny
08/07/11  70.6  68.9   4.4  0.53  1.79    hot-rainy
08/08/11  71.8  56.0   2.8  0.02  2.03    hot-sunny
08/09/11  65.0  63.6   2.1  0.04  1.74    hot-sunny
08/10/11  67.7  65.4   3.1  0.00  1.94    hot-sunny
08/11/11  69.2  68.5   2.3  0.12  1.69    hot-rainy
08/12/11  70.5  51.1   4.5  0.00  2.32    hot-sunny
08/13/11  69.8  53.1   3.6  0.00  2.66    hot-sunny
08/14/11  75.0  59.6   4.7  0.00  1.64    hot-sunny
08/15/11  80.7  47.7   3.0  0.00  2.68    hot-sunny
08/16/11  71.1  45.9   6.4  0.00  2.44    hot-windy
08/17/11  71.7  55.2   3.2  0.00  2.53    hot-sunny
08/18/11  78.8  44.2   3.8  0.00  2.31    hot-sunny
08/19/11  64.5  55.7   4.4  0.00  1.26    hot-sunny
08/20/11  67.5  57.6   2.8  0.00  2.38    hot-sunny
08/21/11  71.3  69.2   2.8  0.00  2.14    hot-sunny
08/22/11  81.2  45.9   2.8  0.00  2.26    hot-sunny
08/23/11  83.7  28.0   4.7  0.00  1.91    hot-sunny
08/24/11  76.2  36.2   3.9  0.00  2.12    hot-sunny
08/25/11  80.8  41.9   4.0  0.00  1.94    hot-sunny
08/26/11  79.5  38.4   3.8  0.00  1.98    hot-sunny
08/27/11  78.7  51.7   3.1  0.00  2.21    hot-sunny
08/28/11  78.5  46.1   4.1  0.00  2.20    hot-sunny
08/29/11  64.2  78.2   2.6  1.09  0.33    hot-rainy
08/30/11  71.5  60.0   2.9  0.00  2.27    hot-sunny
08/31/11  79.8  44.1   4.7  0.00  2.21    hot-sunny
09/01/11  70.5  53.2   6.3  0.28  2.11    hot-rainy
09/02/11  67.4  57.9   6.4  0.00  2.03    hot-windy
09/03/11  59.6  42.5   9.4  0.00  2.03    mild-windy
09/04/11  59.4  47.2   5.0  0.00  2.12    mild-windy
09/05/11  67.4  45.5   4.9  0.00  2.07    hot-sunny
09/06/11  71.9  37.4   2.1  0.00  1.48    hot-sunny
09/07/11  71.0  38.5   2.1  0.00  1.85    hot-sunny
09/08/11  68.7  42.7   2.0  0.00  1.97    hot-sunny
09/09/11  67.0  45.1   2.2  0.00  2.02    hot-sunny
09/10/11  68.4  46.0   2.0  0.00  2.02    hot-sunny
09/11/11  73.1  38.9   3.3  0.00  1.90    hot-sunny
09/12/11  70.0  37.3   6.5  0.00  1.67    hot-windy
09/13/11  58.6  58.7   3.1  0.00  1.69    mild-sunny
09/14/11  45.5  75.9   4.6  0.03  0.55    mild-sunny
09/15/11  42.6  85.4   8.4  0.31  0.52    mild-rainy
09/16/11  52.8  78.7   5.8  0.00  1.56    mild-windy
09/17/11  54.3  83.5   5.1  0.14  0.99    mild-rainy
09/18/11  60.8  50.2   2.0  0.01  1.48    hot-sunny
09/19/11  64.8  44.6   5.1  0.00  1.55    hot-windy
09/20/11  54.8  43.3  10.9  0.00  1.43    mild-windy
09/21/11  52.4  51.4   3.2  0.00  1.35    mild-sunny
09/22/11  54.1  52.8   2.6  0.00  1.53    mild-sunny
09/23/11  68.1  38.3   2.8  0.00  1.55    hot-sunny
09/24/11  71.6  35.9   3.4  0.00  1.68    hot-sunny
09/25/11  68.8  45.7   2.5  0.00  1.72    hot-sunny
09/26/11  65.3  49.9   3.9  0.00  1.55    hot-sunny
09/27/11  69.7  36.9   2.9  0.00  1.66    hot-sunny
09/28/11  68.5  38.2   5.7  0.00  1.55    hot-windy
09/29/11  57.8  31.7   6.9  0.00  1.49    mild-windy
09/30/11  59.5  38.7   4.9  0.00  1.50    mild-sunny
10/01/11  68.0  40.1   2.8  0.00  1.27    hot-sunny
10/02/11  70.5  39.3   1.7  0.00  1.30    hot-sunny
10/03/11  72.9  35.8   1.4  0.00  1.26    hot-sunny
10/04/11  72.3  37.9   4.0  0.00  1.37    hot-sunny
10/05/11  69.0  38.0   8.1  0.00  1.30    hot-windy
10/06/11  59.5  70.0   5.2  0.32  0.54    mild-rainy
10/07/11  55.2  49.1   7.2  0.00  1.10    mild-windy
10/08/11  47.6  78.8   7.5  0.14  0.38    mild-rainy
10/09/11  46.0  81.7   3.8  0.03  0.59    mild-humid
10/10/11  52.0  65.7   1.9  0.00  1.22    mild-sunny
10/11/11  54.2  55.3   1.5  0.00  0.98    mild-sunny
10/12/11  55.6  43.2   6.8  0.00  1.17    mild-windy
10/13/11  51.9  40.5   5.7  0.00  1.07    mild-windy
10/14/11  47.7  46.3   1.8  0.00  0.44    mild-overcast
10/15/11  51.1  55.3   5.1  0.00  1.11    mild-windy
10/16/11  47.8  53.9   3.8  0.13  0.98    mild-rainy
